1.081612e+05 8.428591e+04 9.448360e+04 5.631721e+04 1.237164e+05
1.125361e+05 5.697130e+04 8.565988e+04 3.131065e+04 1.456678e+05
1.446914e+05 4.964739e+04 1.007562e+05 1.253504e+04 1.673572e+05
2.294559e+05 7.977897e+04 1.500286e+05 8.529105e+04 2.608532e+05
3.721929e+05 2.373326e+05 3.105502e+05 1.563607e+05 4.045169e+05
4.796706e+05 4.937841e+05 4.637697e+05 1.216494e+05 5.005150e+05
3.941819e+05 1.062918e+05 2.466695e+05 1.360338e+05 6.099598e+05
4.850374e+05 1.867618e+05 3.479577e+05 1.154109e+05 7.478875e+05
9.400762e+05 4.137521e+05 6.226237e+05 1.239163e+05 9.005124e+05
2.567219e+06 1.549159e+06 2.079148e+06 5.704099e+05 1.847827e+06
5.493709e+06 3.943914e+06 4.708340e+06 3.198221e+06 5.145446e+06
5.998244e+06 2.544838e+06 4.766366e+06 2.611752e+06 6.691767e+06
2.907495e+06 2.050331e+06 3.337086e+06 3.146728e+06 7.994650e+06
3.473300e+06 3.509110e+06 3.381797e+06 2.976925e+06 7.528588e+06
1.991056e+05 1.081415e+07 1.973418e+05 3.509978e+07 1.989366e+07
8.299131e+04 2.376333e+06 6.523888e+05 4.758234e+07 1.968875e+07
6.101900e+04 3.512128e+04 4.902835e+04 2.912754e+06 7.844431e+05
4.503080e+04 1.721789e+04 2.522756e+04 1.388321e+07 2.965562e+05
3.429627e+04 8.002119e+03 2.885607e+04 3.180877e+06 5.019721e+05
2.319236e+04 1.728017e+04 2.170656e+04 1.188118e+05 8.906800e+04
2.570820e+04 2.639051e+04 2.475219e+04 2.683346e+05 5.087652e+04
2.373001e+03 3.904387e+04 1.921226e+03 6.386778e+04 3.422449e+04
1.817535e+03 5.164879e+04 1.418944e+03 6.197185e+04 1.926431e+04
6.697983e+02 5.065077e+03 5.493981e+02 1.273586e+04 6.053276e+03
7.529426e+02 7.798818e+03 3.584617e+02 2.934606e+04 2.147917e+03
7.925091e+02 1.858169e+03 3.795892e+02 3.567303e+04 1.459753e+03
1.551376e+03 1.389902e+04 6.681439e+02 8.307777e+04 1.069785e+03
5.953415e+03 2.767873e+03 2.845539e+03 6.683217e+04 3.185985e+03
1.096180e+04 2.386467e+03 7.583831e+03 1.090386e+05 8.690994e+03
1.683937e+04 9.585061e+03 1.297627e+04 9.269062e+04 1.558733e+04
2.114569e+04 2.970722e+04 1.575318e+04 2.093317e+04 2.367127e+04
2.067463e+04 3.736443e+04 1.668389e+04 1.575835e+04 3.093341e+04
2.098032e+04 9.801048e+03 1.611951e+04 5.816379e+04 3.267609e+04
2.180011e+04 8.273567e+03 1.594962e+04 1.012960e+05 3.408293e+04
2.594577e+04 3.124237e+04 2.054939e+04 2.942447e+04 3.585819e+04
6.448562e+04 6.787927e+04 4.420911e+04 8.670697e+04 5.282963e+04
7.768401e+04 2.327735e+04 5.346739e+04 1.185923e+05 8.171823e+04
6.371434e+04 8.656499e+04 6.883601e+04 5.182234e+04 1.000388e+05
6.741424e+04 9.275731e+04 7.245946e+04 1.307479e+05 9.299646e+04
