 110260.0483   68631.7617   39635.6680  111490.3000           NA
 113293.6635   34688.0117   93572.2250  116725.1999           NA
 143439.5824   71115.6154   81686.2389  151957.5000           NA
 227352.3238   85409.5396  136271.8553  238544.7000           NA
 370359.1527  212829.4003  245913.7327  379434.7000           NA
 478897.0202  298819.9191  329838.5881  481035.0514           NA
 397565.1732  232794.6577  274221.3772  429818.8000           NA
 488929.1320  210441.6038  467820.2924  516282.2031           NA
 935392.5812  565415.0415  576076.1627  974714.6000           NA
2568816.6749 1640046.2195 1950279.6610 2604932.8000           NA
5497779.2947 3868623.9916 2546527.8333 5580878.1436           NA
6005383.4216 4353368.4206 3841936.5368 6234592.9783           NA
2914127.8820 2136667.9423 2587597.9177 3396106.0537           NA
3475750.7988 3326116.7703 3099134.9577 3491942.3576           NA
 198073.8242  150273.3408 2485147.6115  193514.8619           NA
  81476.2279   76433.4814  549139.6840   94870.7238           NA
  60227.0960  853718.7866  911363.9768   65908.4403           NA
  44983.1139  296732.8029 1013248.8515   47082.9140           NA
  34476.2674 1423712.4193 1002415.9616   35753.1000           NA
  23780.9371   69758.3027 1077373.0270   24795.9000           NA
  25872.0334   26693.2752   48934.9404   26028.0000           NA
   2488.3651    1369.2284   43122.5583    2652.4000           NA
   1727.5154    4589.5856   24622.9467    1817.3000           NA
    708.8747    2140.8966   22764.2781     771.8000           NA
    656.2431    4053.2937   16236.2302     681.1000           NA
    797.3287    4119.0383   11218.8656     816.8000           NA
   1520.4196    3295.5711   11894.6251    1545.5000           NA
   5541.3645    5606.5793   13383.1564    5583.0000           NA
  10959.0559    3629.0078   10946.9351   11043.9000           NA
  17055.3710    7296.0778   10690.4989   17373.2000           NA
  20888.3289    7935.6081   16788.7621   21404.1000           NA
  21654.0481    9635.9368   22939.1312   22441.1000           NA
  20987.6949    4899.9437   25803.9711   21793.2821           NA
  21329.9782    9605.0862   33519.6661   22111.7000           NA
  26676.8744   16796.5017   34088.4527   27292.6000           NA
  65571.8599   42232.3513   55407.6223   65655.4000           NA
  76476.5357   44056.6349   66944.7635   78022.4000           NA
  65339.3834   46819.5417   58356.6028   66986.4000           NA
  66834.2574   69759.5883   55824.2831   66986.4000           NA
