 110248.0529   38924.9087           NA           NA           NA
 113328.5708   26248.0267           NA           NA           NA
 143398.5229   40826.3352           NA           NA           NA
 227358.7115   86304.6154           NA           NA           NA
 370346.5873  169509.8972           NA           NA           NA
 478907.3675  260828.6746           NA           NA           NA
 397508.4646  213899.3527           NA           NA           NA
 488845.4646  269303.4907           NA           NA           NA
 935233.5627  520200.5043           NA           NA           NA
2568741.5137 1660803.2166           NA           NA           NA
5497453.0861 4282131.9686           NA           NA           NA
6005791.4533 4657968.9394           NA           NA           NA
2915591.7090 2790326.3826           NA           NA           NA
3475440.3011 3440810.1302           NA           NA           NA
 198057.5869   94079.1133           NA           NA           NA
  81468.4313 2494761.6580           NA           NA           NA
  60230.1963  152071.6816           NA           NA           NA
  44981.1093 1103750.5370           NA           NA           NA
  34477.1520  863021.7596           NA           NA           NA
  23781.5064   14901.5390           NA           NA           NA
  25871.9584   69387.1171           NA           NA           NA
   2488.1065   20261.7835           NA           NA           NA
   1727.4552   27468.4968           NA           NA           NA
    708.8965   29589.6635           NA           NA           NA
    656.2309   32187.3895           NA           NA           NA
    797.3167   21587.5432           NA           NA           NA
   1520.4661   14036.8383           NA           NA           NA
   5541.4523   17882.0661           NA           NA           NA
  10958.8751   13854.3518           NA           NA           NA
  17054.9541    7376.4000           NA           NA           NA
  20888.5779    6848.5205           NA           NA           NA
  21653.7574    9813.8895           NA           NA           NA
  20986.4590   10733.3997           NA           NA           NA
  21329.7246    5604.0219           NA           NA           NA
  26676.5538    3103.8782           NA           NA           NA
  65571.2599   15188.8847           NA           NA           NA
  76474.7880   17997.3946           NA           NA           NA
  65338.1166   68301.7213           NA           NA           NA
  66834.6384  100970.7720           NA           NA           NA
