0.38461538 0.96153846 0.03846154         NA         NA
0.38461538 0.92307692 0.00000000         NA         NA
0.11538462 1.00000000 0.00000000         NA         NA
0.11538462 0.96153846 0.00000000         NA         NA
0.15384615 0.96153846 0.03846154         NA         NA
0.15384615 0.96153846 0.00000000         NA         NA
0.19230769 0.96153846 0.00000000         NA         NA
0.15384615 0.96153846 0.00000000         NA         NA
0.19230769 0.96153846 0.00000000         NA         NA
0.19230769 0.96153846 0.00000000         NA         NA
0.23076923 0.96153846 0.00000000         NA         NA
0.15384615 0.96153846 0.00000000         NA         NA
0.11538462 0.96153846 0.00000000         NA         NA
0.07692308 0.96153846 0.03846154         NA         NA
0.07692308 0.96153846 0.03846154         NA         NA
0.11538462 0.96153846 0.00000000         NA         NA
0.11538462 0.96153846 0.00000000         NA         NA
0.07692308 0.96153846 0.03846154         NA         NA
0.03846154 0.96153846 0.03846154         NA         NA
0.07692308 0.96153846 0.03846154         NA         NA
0.07692308 0.96153846 0.00000000         NA         NA
0.07692308 0.96153846 0.00000000         NA         NA
0.15384615 0.96153846 0.03846154         NA         NA
0.15384615 0.96153846 0.00000000         NA         NA
0.19230769 0.96153846 0.00000000         NA         NA
0.19230769 0.96153846 0.07692308         NA         NA
0.19230769 0.96153846 0.03846154         NA         NA
0.26923077 0.92307692 0.03846154         NA         NA
0.15384615 0.84615385 0.00000000         NA         NA
0.03846154 0.96153846 0.00000000         NA         NA
0.03846154 0.96153846 0.00000000         NA         NA
0.03846154 0.96153846 0.00000000         NA         NA
0.03846154 0.96153846 0.00000000         NA         NA
0.03846154 0.96153846 0.00000000         NA         NA
0.03846154 0.96153846 0.00000000         NA         NA
