 110260.0483   41045.1309           NA           NA           NA
 113320.8472   25279.9751           NA           NA           NA
 143406.4193   40361.3395           NA           NA           NA
 227316.2512   60745.6925           NA           NA           NA
 370374.5153  188516.7688           NA           NA           NA
 478899.7202  271156.9577           NA           NA           NA
 397491.4960  168145.7096           NA           NA           NA
 488918.5407  224324.8857           NA           NA           NA
 935458.1107  382961.6755           NA           NA           NA
2568713.1965 1808514.8908           NA           NA           NA
5497213.8990 4256798.5773           NA           NA           NA
6004824.8387 4613830.2365           NA           NA           NA
2915221.2582 2605212.2746           NA           NA           NA
3476014.0913 3354622.6793           NA           NA           NA
 198062.4539  109166.9432           NA           NA           NA
  81478.2953  817343.6739           NA           NA           NA
  60240.8650   25275.6682           NA           NA           NA
  44980.8926  119191.1852           NA           NA           NA
  34475.1819  351557.7503           NA           NA           NA
  23783.5812   58832.5856           NA           NA           NA
  25872.0128   37190.6754           NA           NA           NA
   2488.4883   21904.3319           NA           NA           NA
   1727.3319   13589.6723           NA           NA           NA
    708.8631   19390.4087           NA           NA           NA
    656.2551   29115.8175           NA           NA           NA
    797.3087   23020.8477           NA           NA           NA
   1520.4075   13910.8550           NA           NA           NA
   5541.3798    9704.4302           NA           NA           NA
  10959.0171   10004.5226           NA           NA           NA
  17055.3239    7301.7217           NA           NA           NA
  20888.1818    4136.6877           NA           NA           NA
  21653.9532    7642.8968           NA           NA           NA
  20987.9646    9594.2084           NA           NA           NA
  21329.0519    9004.8367           NA           NA           NA
  26677.6907    5747.7229           NA           NA           NA
  65571.6643   11715.8718           NA           NA           NA
  76474.7671   23685.9025           NA           NA           NA
  65339.2618   69122.7478           NA           NA           NA
  66833.7679   95100.2492           NA           NA           NA
