 14717.13881   8557.60457  54121.92154           NA           NA
 14816.14097   8022.06113  55424.86408           NA           NA
 15229.26280   8652.85162  51812.85251           NA           NA
 25104.05622  12109.08403  47969.25593           NA           NA
 37494.72484  10955.01041  48798.70471           NA           NA
 47503.13563  21942.60470  57980.66031           NA           NA
 46910.74276  18783.43636  68290.92180           NA           NA
 42227.46714  17842.81775  71520.48364           NA           NA
 26634.81389   5609.36187  65366.54861           NA           NA
 29175.66213   8096.92498  56311.50965           NA           NA
 33683.45398   6695.99040  53873.79569           NA           NA
 32751.86351   5967.32539  56391.20819           NA           NA
 15932.07263  13437.74187  65659.76112           NA           NA
 17638.43718  21653.40721  47369.96328           NA           NA
   382.32716   4637.49312  29228.65942           NA           NA
   196.06043   8066.23270  17810.47034           NA           NA
    76.07852   5368.90701  23145.50202           NA           NA
    35.03124   2928.98036  28344.66491           NA           NA
   105.86515   2496.70640  33271.81730           NA           NA
   116.78505   1701.47775  40126.64747           NA           NA
   224.97655    749.99236  46442.28406           NA           NA
   148.36973    678.83208  54040.56920           NA           NA
   243.38756   1015.27637  52482.68214           NA           NA
   638.53645    761.28960  52523.68381           NA           NA
  1353.10486   1100.85468  51679.83681           NA           NA
  3900.91113   2910.70897  49759.57072           NA           NA
 10478.88344   8243.59954  48691.77053           NA           NA
 43971.87605  38667.90177  61557.08692           NA           NA
 91474.15747  76787.51657 103209.93518           NA           NA
118222.42863 101876.50826 144465.04941           NA           NA
 82313.14180  64669.50832 165960.02700           NA           NA
 47403.62600  22092.51706 152816.39875           NA           NA
 21021.72233  10803.37102 124877.64734           NA           NA
  6941.46093   4165.36898  97684.59450           NA           NA
  3051.51205   2640.64688  73718.52222           NA           NA
  3676.58052    472.01563  62704.99958           NA           NA
  3592.79532   3061.73701  62903.47023           NA           NA
  2013.58384   1811.78640  62274.24945           NA           NA
  2103.96743   3754.72240  44173.98309           NA           NA
