 14716.97337   4375.45665           NA           NA           NA
 14828.23928   9163.07677           NA           NA           NA
 15212.35661   2632.96704           NA           NA           NA
 25106.56006   6489.64425           NA           NA           NA
 37496.99880   9309.10482           NA           NA           NA
 47507.50441  10146.59528           NA           NA           NA
 46906.41012   8793.20764           NA           NA           NA
 42219.92243  18006.86462           NA           NA           NA
 26618.23043  11015.39982           NA           NA           NA
 29191.48317   7761.85464           NA           NA           NA
 33683.39706   8045.03646           NA           NA           NA
 32748.84068  15525.77126           NA           NA           NA
 15912.16071  48007.12994           NA           NA           NA
 17635.58986  44557.17406           NA           NA           NA
   385.05450  31383.39191           NA           NA           NA
   196.20103  34784.64143           NA           NA           NA
    76.49189  26154.07475           NA           NA           NA
    35.07494  23525.22181           NA           NA           NA
   105.84595  23253.23762           NA           NA           NA
   116.78394  30378.44125           NA           NA           NA
   224.97559  20008.00246           NA           NA           NA
   148.35038  17627.37889           NA           NA           NA
   243.38906  21985.31112           NA           NA           NA
   638.38891  12918.16616           NA           NA           NA
  1353.13580  19466.24034           NA           NA           NA
  3900.78514   8180.26144           NA           NA           NA
 10478.80607   3471.54310           NA           NA           NA
 43972.63922   5791.65809           NA           NA           NA
 91474.24422  28418.28220           NA           NA           NA
118224.02158  57838.60387           NA           NA           NA
 82322.62973  37380.65434           NA           NA           NA
 47388.70584  22464.97360           NA           NA           NA
 21011.20379  19565.30457           NA           NA           NA
  6943.89796  32355.93446           NA           NA           NA
  3049.43032  24981.16542           NA           NA           NA
  3677.04992  21519.88692           NA           NA           NA
  3592.82545   7351.62241           NA           NA           NA
  2013.48141  30561.89471           NA           NA           NA
  2103.67472  18043.91439           NA           NA           NA
