 2701.097 25764.279        NA        NA        NA
 3351.856 12489.573        NA        NA        NA
 4923.421 15909.722        NA        NA        NA
 9886.821  7347.704        NA        NA        NA
13431.437  9307.772        NA        NA        NA
 9251.069 12032.559        NA        NA        NA
 5550.989 21628.901        NA        NA        NA
15757.651  5669.754        NA        NA        NA
19702.935 14524.476        NA        NA        NA
13206.931  7033.486        NA        NA        NA
21342.143  3721.578        NA        NA        NA
17155.810 19559.838        NA        NA        NA
 9549.316 15931.602        NA        NA        NA
